64
1
48
2
68
2
116
0
56
5
20
1
43
1
88
4
11
3
79
3
21
6
108
5
86
3
68
0
56
6
75
2
84
7
21
4
13
0
103
4
46
3
34
7
47
4
112
6
41
4
86
1
105
7
14
7
25
0
95
5
88
0
66
6
14
1
101
7
98
2
101
0
22
0
114
3
104
5
47
7
95
0
115
0
106
6
98
6
99
7
116
1
25
2
94
6
31
0
55
2
97
4
39
3
50
2
9
7
11
4
19
1
13
7
108
3
61
6
90
6
63
2
90
5
51
5
52
2
60
1
115
4
75
4
69
4
90
2
94
3
107
2
22
5
81
7
73
0
32
5
24
1
72
7
13
2
77
5
107
1
10
1
24
3
62
0
29
1
42
7
83
3
19
3
100
4
10
4
63
7
112
4
44
5
30
6
86
0
109
3
95
6
55
4
16
5
36
0
36
6
67
5
78
7
105
6
90
1
115
7
88
7
56
1
63
1
94
5
59
4
115
5
102
7
113
4
15
6
67
6
26
6
66
2
61
4
79
6
79
5
51
3
89
1
90
7
40
2
97
6
36
5
96
1
39
6
52
1
48
5
61
5
36
4
82
5
107
3
53
1
18
6
78
5
43
3
39
1
37
6
52
5
59
6
9
6
100
2
54
5
65
4
48
3
60
0
84
5
65
2
22
4
91
7
38
1
101
2
9
0
80
4
106
5
54
6
83
4
33
5
96
6
79
0
30
2
37
5
52
0
54
3
26
5
27
3
76
3
15
2
64
7
33
3
45
5
104
6
53
2
73
6
69
2
58
0
68
6
71
3
10
0
101
4
112
7
67
4
105
2
35
0
29
2
109
4
13
6
74
3
105
3
111
5
89
3
59
5
98
1
38
5
91
4
89
4
31
4
97
1
35
6
81
2
57
1
107
5
40
6
104
4
104
3
88
2
40
7
93
3
48
7
87
0
65
6
97
0
32
1
93
4
54
2
8
4
109
2
66
1
61
3
81
3
12
6
86
7
39
0
41
7
97
5
72
1
89
5
24
0
52
7
37
0
64
6
11
2
83
0
53
7
62
3
42
3
116
2
58
3
110
5
103
3
20
6
113
1
90
3
17
7
47
5
50
0
54
4
13
3
25
5
46
1
43
6
77
0
85
2
21
3
38
4
27
2
91
3
100
6
50
5
85
0
33
0
45
7
9
5
100
3
109
1
65
0
53
0
22
7
104
0
22
2
9
2
73
4
9
3
25
7
87
7
84
0
44
4
18
2
49
3
91
2
45
3
20
0
14
0
88
1
106
1
37
1
94
7
62
4
107
7
51
7
15
1
65
7
65
1
69
1
96
0
83
2
78
4
45
4
12
0
51
4
99
4
61
1
63
3
76
0
78
1
101
5
74
2
25
1
68
7
24
5
66
0
100
7
113
2
78
6
16
4
112
0
103
6
8
6
46
0
69
5
50
1
101
6
34
3
26
7
110
0
109
7
80
2
59
0
20
4
38
2
102
5
71
7
46
7
27
5
23
4
90
0
36
3
86
6
78
2
83
1
113
7
70
1
62
1
42
2
24
6
82
3
40
1
65
5
83
5
81
5
53
4
17
2
33
6
115
1
99
1
18
1
33
1
43
2
28
6
16
0
33
7
93
5
54
7
53
3
85
3
113
0
21
0
13
1
84
2
15
7
107
0
49
7
91
5
79
2
94
0
82
7
68
3
89
7
70
6
70
5
51
0
109
0
114
2
93
6
110
4
41
6
91
1
77
1
58
5
49
5
105
0
62
2
98
3
11
1
110
3
15
4
56
4
20
5
59
1
114
7
74
5
63
0
23
7
25
4
116
6
68
5
68
4
93
0
47
3
54
0
51
6
106
0
57
4
53
6
64
5
106
2
28
5
14
6
35
4
51
1
80
3
23
2
29
7
105
5
62
6
45
1
86
2
95
7
94
1
52
4
28
7
34
1
98
0
32
0
75
0
25
6
105
4
109
5
10
5
79
4
38
0
98
4
38
3
82
6
77
7
44
2
15
3
28
1
34
0
43
4
34
2
111
3
17
1
66
7
35
5
29
6
66
3
50
4
106
7
33
4
24
2
32
7
70
2
26
4
60
7
47
1
29
3
32
6
80
0
107
4
60
6
18
5
27
7
111
7
72
4
64
3
102
2
24
7
106
3
16
6
44
1
57
5
46
2
84
1
8
1
37
7
95
3
79
1
96
5
67
3
76
7
111
6
80
6
23
6
34
4
19
7
59
2
8
7
41
5
40
3
36
7
10
7
31
6
94
4
11
0
113
6
22
3
56
3
77
2
23
0
46
4
16
1
20
7
55
1
85
5
88
6
45
0
71
1
73
1
62
5
57
6
87
3
71
5
43
7
40
5
48
1
23
5
111
4
56
2
21
2
102
4
17
3
72
3
35
2
81
4
81
1
14
3
29
0
31
3
60
4
32
2
60
5
12
1
96
4
19
5
10
6
110
1
80
7
72
5
24
4
43
5
23
3
87
5
23
1
21
7
57
3
46
5
63
6
17
4
82
4
31
2
61
7
74
4
113
3
49
6
95
4
100
1
39
4
58
6
71
4
58
4
97
7
58
1
62
7
18
3
26
0
70
0
81
6
19
4
95
2
82
1
42
4
76
2
97
3
80
5
108
4
92
6
103
7
115
2
57
0
67
7
41
2
49
1
18
4
64
2
99
0
99
3
114
4
40
4
56
0
99
2
57
2
19
2
28
3
108
2
71
0
111
0
16
3
87
4
27
4
25
3
47
0
91
6
73
5
66
4
104
7
27
1
20
2
108
7
14
4
21
1
29
5
85
1
15
0
56
7
34
5
67
2
8
5
82
2
116
4
72
2
73
7
30
3
104
2
44
3
37
2
70
3
44
7
44
0
102
3
114
0
78
3
30
5
35
7
39
5
12
2
47
6
60
3
59
3
77
6
89
6
83
7
80
1
111
2
26
2
35
3
74
6
67
0
55
5
17
6
64
0
65
3
28
2
58
7
91
0
103
0
88
5
104
1
17
0
93
7
108
1
21
5
11
6
71
6
48
4
19
0
92
1
114
1
50
7
22
1
76
1
75
3
55
6
55
3
39
7
49
4
76
4
26
3
33
2
38
7
76
6
115
3
71
2
26
1
75
5
37
4
14
2
31
1
86
5
41
3
7
7
101
1
69
7
69
6
99
5
28
0
61
2
81
0
10
3
52
3
49
0
77
4
36
1
64
4
12
7
13
4
42
0
85
6
37
3
15
5
70
4
57
7
92
3
92
5
84
6
52
6
68
1
18
7
87
1
110
2
97
2
76
5
114
5
78
0
103
5
110
6
96
7
102
0
12
5
73
3
101
3
112
1
58
2
55
0
69
3
61
0
11
7
74
0
85
7
16
2
59
7
30
4
111
1
89
0
87
2
116
7
49
2
38
6
11
5
44
6
45
2
108
0
75
6
47
2
10
2
72
0
30
1
30
0
40
0
22
6
116
3
79
7
29
4
12
3
100
0
114
6
53
5
54
1
55
7
45
6
66
5
48
0
109
6
82
0
63
5
34
6
99
6
31
5
14
5
105
1
74
7
69
0
35
1
20
3
8
0
98
5
115
6
27
0
73
2
42
5
74
1
63
4
107
6
112
3
41
1
84
4
31
7
92
2
67
1
93
2
92
4
108
6
84
3
94
2
60
2
110
7
28
4
8
2
88
3
36
2
90
4
18
0
32
4
77
3
32
3
42
6
116
5
41
0
96
2
87
6
50
3
112
2
95
1
96
3
12
4
86
4
92
0
103
2
106
4
19
6
43
0
103
1
27
6
9
4
83
6
113
5
89
2
9
1
75
1
42
1
72
6
51
2
98
7
16
7
75
7
39
2
70
7
112
5
85
4
48
6
102
6
93
1
17
5
13
5
46
6
102
1
100
5
50
6
8
3
30
7
